7400215419
7401226545
7401226546
7402706429
7402706430
7402706584
7402706585
7402706801
7402706805
7402706922
7402706923
7402707013
7402707014
7402707015
7402707016
7402707258
7402707259
7402707260
7402707523
7402707524
7402707547
7402707771
7402707772
7402707773
7402707774
7402707775
7402707858
7402707899
7402707912
7402707987
7402708171
7402708175
7402708176
7402708177
7402708178
7402708179
7402708180
7402708217
7402708218
7402708219
7402708230
7402708231
7402708274
7402708275
7402708276
7402708331
7402708354
7402708355
7402708356
7402708380
7402708381
7402708407
7402708408
7402708469
7402708470
7402708471
7402708472
7402708473
7402708474
7402708475
7402708476
7402708477
7402708478
7402708616
7402708617
7402708618
7402709131
7402709132
7402709830
7402709982
7402709983
7402710486
7402710488
7402710489
7402710539
7402710738
7402711179
7402711180
7402711181
7402711182
7402711292
7402711293
7402711294
7402711717
7402711723
7402711724
7402711739
7402711740
7402711741
7402711742
7402712531
7402712532
7402712814
7402712815
7402712816
7402713489
7402713493
7402713912
7402713913
7402713914
7402713915
7402713916
7402713917
7402713918
7402713919
7402713920
7402713921
7402713922
7402713923
7402713924
7402713925
7402713926
7402713927
7402713928
7402713929
7402713930
7402713931
7402713932
7402713933
7402713934
7402713935
7402713936
7402713937
7402713938
7402713939
7402713940
7402713941
7402713942
7402713943
7402713944
7402713945
7402713946
7402713947
7402713948
7402713949
7402714174
7402714175
7402714917
7402714918
7402714919
7402714920
7402715664
7402715818
7402715931
7402715932
7402715933
7402715985
7402715986
7402715987
7402715991
7402715992
7402715993
7402716045
7402716117
7402716118
7402716119
7402716120
7402716121
7402716122
7402716123
7402716124
7402716125
7402716126
7402716127
7402716128
7402716129
7402716130
7402716131
7402716132
7403000476
7403000477
7403000486
7403000487
7403000488
7403000489
7403000490
7403000491
7403000492
7403000493
7403000688
7403000689
7403000690
7403000691
7403000692
7403000693
7403000694
7403000695
7403000696
7403000697
7403000698
7403000699
7403000700
7403000701
7403000702
7403000779
7403000780
7403000781
7403000782
7403000783
7403000784
7403000791
7403000792
7403000793
7403000794
7403000795
7403000796
7403000797
7403000798
7403000799
7403000800
7403000901
7403000902
7403000903
7403000907
7403000908
7403000909
7410100752
7410100753
7410100921
7410100922
7410100923
7410100959
7410100960
7410100961
7410101270
7410101271
7410101272
7410101273
7410101306
7410101307
7410101308
7410101309
7410101310
7410101311
7410300142
7410300162
7410300163
7410300379
7410400042
7420101117
7420101120
7420101426
7430100439
7430100440
7430100589
7430100590
7430100597
7430100604
7430100609
7430100612
7430100614
7430100622
7430100623
7430100624
7430100652
7430100653
7430100654
7430100656
7430100710
7430100713
7430100714
7430100716
7430100722
7430100723
7430100724
7430100725
7430100726
7430100738
7430100832
7430100838
7430100839
7430100844
7430100846
7430100850
7430100862
7430100866
7430100867
7430100871
7430100872
7430100877
7430100879
7430100881
7430100884
7430100885
7430100887
7430100888
7430100889
7430100890
7430100893
7430100894
7430100896
7430100899
7430100900
7430100901
7430100902
7430100904
7430100907
7430100908
7430100909
7430100920
7430100922
7430100923
7430100927
7430100928
7430100931
7430100932
7430100933
7430100936
7430100937
7430100941
7430100942
7430100943
7430100954
7430100958
7430100959
7430100960
7430100963
7430100966
7430100968
7430100973
7430100975
7430100976
7430100977
7430100979
7430100984
7430100985
7430100992
7430101064
7430101177
7430101247
7430101248
7430101252
7430101253
7430101287
7430101343
7430101346
7430101396
7430101399
7430101462
7430101556
7430101559
7430101596
7430101598
7430101599
7430101600
7430101601
7430101605
7430101704
7430101734
7430101736
7430102571
7430102681
7430102874
7430102875
7430102876
7430102877
7430102888
7430102889
7430103031
7430103032
7430103034
7430103044
7430103048
7430103144
7430103319
7430103334
7430103351
7430103370
7430103371
7430103395
7430103396
7430103419
7430103422
7430103464
7430103471
7430103484
7430103488
7430103489
7430103499
7430103793
7430103794
7430103795
7430103796
7430103797
7430103798
7430103799
7430103855
7430103906
7430104148
7430104290
7430104291
7430104339
7430104340
7430104341
7430104363
7430104446
7430104455
7430104461
7430104511
7430104604
7430104762
7430104763
7430104768
7430104769
7430104778
7430104874
7430104875
7430104898
7430104899
7430104903
7430104908
7430104913
7430105027
7430105067
7430105068
7430105069
7430105070
7430105073
7430105082
7430105099
7430105100
7430105106
7430105107
7430105108
7430105109
7430105110
7430105111
7430105112
7430105113
7430105117
7430105118
7430105119
7430105120
7430105121
7430105124
7430105138
7430105139
7430105257
7430105258
7430105259
7430105260
7440700027
7440700032
7440700033
7440700034
7440700048
7440700057
7440700058
7450700001
7460200023
7460200024
7470600003
