7400302507
7400302508
7400302509
7400302510
7400302511
7400302512
7400302513
7400302514
7400302515
7400302516
7400302517
7400302518
7401226512
7401226545
7401226546
7402709938
7402709939
7402711426
7402711427
7402711428
7402711575
7402711576
7402711577
7402711578
7402711675
7402711676
7402711885
7402712117
7402712118
7402712119
7402712120
7402712121
7402712122
7402712123
7402712124
7402712138
7402712139
7402712140
7402712162
7402712191
7402712296
7402712297
7402712300
7402712301
7402712396
7402712397
7402712398
7402712399
7402712400
7402712401
7402712402
7402712403
7402712404
7402712405
7402712420
7402712421
7402712422
7402712459
7402712460
7402712462
7402712463
7402712467
7402712468
7402712469
7402712470
7402712474
7402712654
7402712726
7402712728
7402712820
7402712821
7402712822
7402712823
7402712824
7402712841
7402712887
7402713000
7402713001
7402713053
7402713091
7402713092
7402713314
7402713315
7402713316
7402713317
7402713318
7402713319
7402713320
7402713321
7402713322
7402713323
7402713324
7402713325
7402713326
7402713327
7402713328
7402713329
7402713330
7402713331
7402713332
7402713333
7402713334
7402713335
7402713336
7402713337
7402713338
7402713339
7402713340
7402713341
7402713342
7402713343
7402713344
7402713345
7402713434
7402713478
7402713480
7402713481
7402713655
7402713656
7402713657
7402713661
7402713662
7402713665
7402713666
7402713667
7402713671
7402713672
7402713675
7402713676
7402713677
7402713678
7402713679
7402713680
7402713681
7402713682
7402713683
7402713684
7402713685
7402713686
7402713697
7402713698
7402713727
7402713742
7402713748
7402713779
7402713780
7402713781
7402713782
7402713784
7402713785
7402713786
7402713787
7402713788
7402713789
7402713796
7402713797
7402713798
7402713799
7402713800
7402713801
7402713807
7402713808
7402713857
7402713871
7402713872
7402713878
7402713879
7402713880
7402713886
7402713903
7402713904
7402713912
7402713913
7402713914
7402713915
7402713916
7402713917
7402713918
7402713919
7402713920
7402713921
7402713922
7402713923
7402713924
7402713925
7402713926
7402713927
7402713928
7402713929
7402713930
7402713931
7402713932
7402713933
7402713934
7402713935
7402713936
7402713937
7402713938
7402713939
7402713940
7402713941
7402713942
7402713943
7402713944
7402713945
7402713946
7402713947
7402713948
7402713949
7402713975
7402713976
7402713977
7402713986
7402713987
7402713988
7402713989
7402713990
7402713991
7402713992
7402713993
7402713994
7402713995
7402713996
7402713997
7402713998
7402713999
7402714000
7402714001
7402714029
7402714030
7402714031
7402714032
7402714033
7402714034
7402714035
7402714057
7402714058
7402714079
7402714080
7402714081
7402714082
7402714083
7402714084
7402714085
7402714086
7402714087
7402714088
7402714089
7402714090
7402714091
7402714092
7402714093
7402714094
7402714111
7402714112
7402714113
7402714130
7402714131
7402714174
7402714175
7402714257
7402714258
7402714259
7402714260
7402714261
7402714262
7402714263
7402714264
7402714265
7402714266
7402714267
7402714268
7402714269
7402714270
7402714271
7402714272
7402714273
7402714274
7402714275
7402714276
7402714277
7402714278
7402714279
7402714280
7402714281
7402714282
7402714283
7402714284
7402714285
7402714286
7402714287
7402714288
7402714289
7402714290
7402714291
7402714292
7402714293
7402714294
7402714295
7402714296
7402714297
7402714298
7402714299
7402714300
7402714301
7402714302
7402714303
7402714304
7402714323
7402714324
7402714325
7402714326
7402714327
7402714328
7402714329
7402714330
7402714331
7402714332
7402714333
7402714334
7402714335
7402714336
7402714337
7402714338
7402714339
7402714340
7402714381
7402714382
7402714383
7402714394
7402714395
7402714396
7402714401
7402714402
7402714403
7402714407
7402714470
7402714471
7402714472
7402714473
7402714599
7402714600
7402714601
7402714602
7402714603
7402714604
7402714605
7402714606
7402714607
7402714608
7402714609
7402714610
7402714615
7402714678
7402714694
7402714700
7402714703
7402714704
7402714705
7402714706
7402714707
7402714708
7402714710
7402714711
7402714736
7402714737
7402714763
7402714764
7402714765
7402714777
7402714778
7402714779
7402714794
7402714795
7402714796
7402714797
7402714798
7402714799
7402714800
7402714801
7402714802
7402714803
7402714804
7402714805
7402714806
7402714807
7402714808
7402714809
7402714814
7402714815
7402714816
7402714817
7402714818
7402714819
7402714820
7402714821
7402714822
7402714823
7402714824
7402714825
7402714913
7402714914
7402714917
7402714918
7402714919
7402714920
7402715022
7402715023
7402715024
7402715028
7402715029
7402715030
7402715031
7402715032
7402715033
7402715034
7402715035
7402715036
7402715066
7402715067
7402715068
7402715122
7402715123
7402715124
7402715125
7402715169
7402715170
7402715171
7402715172
7402715173
7402715231
7402715232
7402715233
7402715234
7402715235
7402715236
7402715237
7402715238
7402715239
7402715240
7402715241
7402715242
7402715243
7402715244
7402715245
7402715246
7402715247
7402715248
7402715249
7402715250
7402715251
7402715252
7402715262
7402715263
7402715264
7402715339
7402715340
7402715341
7402715413
7402715414
7402715415
7402715419
7402715420
7402715421
7402715449
7402715450
7402715451
7402715459
7402715530
7402715531
7402715532
7402715533
7402715534
7402715535
7402715561
7402715621
7402715622
7402715623
7402715624
7402715625
7402715626
7402715664
7402715709
7402715710
7402715711
7402715712
7402715713
7402715717
7402715719
7402715720
7402715721
7402715722
7402715727
7402715728
7402715729
7402715730
7402715818
7402715931
7402715932
7402715933
7402715982
7402715983
7402715984
7402715985
7402715986
7402715987
7402715988
7402715989
7402715990
7402715991
7402715992
7402715993
7402716045
7402716117
7402716118
7402716119
7402716120
7402716121
7402716122
7402716123
7402716124
7402716125
7402716126
7402716127
7402716128
7402716129
7402716130
7402716131
7402716132
7403000001
7403000002
7403000021
7403000041
7403000042
7403000043
7403000044
7403000069
7403000070
7403000071
7403000101
7403000102
7403000103
7403000104
7403000147
7403000148
7403000151
7403000152
7403000155
7403000156
7403000175
7403000176
7403000177
7403000178
7403000179
7403000180
7403000181
7403000182
7403000183
7403000184
7403000185
7403000186
7403000187
7403000188
7403000189
7403000190
7403000191
7403000192
7403000255
7403000256
7403000257
7403000258
7403000259
7403000260
7403000261
7403000262
7403000263
7403000264
7403000265
7403000266
7403000267
7403000268
7403000269
7403000296
7403000297
7403000298
7403000299
7403000300
7403000301
7403000302
7403000303
7403000304
7403000305
7403000306
7403000307
7403000308
7403000309
7403000310
7403000311
7403000356
7403000357
7403000358
7403000359
7403000360
7403000361
7403000376
7403000377
7403000378
7403000379
7403000380
7403000381
7403000382
7403000383
7403000384
7403000455
7403000456
7403000457
7403000476
7403000477
7403000486
7403000487
7403000488
7403000489
7403000490
7403000491
7403000492
7403000493
7403000511
7403000512
7403000513
7403000514
7403000519
7403000520
7403000521
7403000522
7403000527
7403000528
7403000529
7403000530
7403000535
7403000536
7403000537
7403000538
7403000688
7403000689
7403000690
7403000691
7403000692
7403000693
7403000694
7403000695
7403000696
7403000697
7403000698
7403000699
7403000700
7403000701
7403000702
7403000716
7403000717
7403000718
7403000719
7403000720
7403000721
7403000722
7403000779
7403000780
7403000781
7403000782
7403000783
7403000784
7403000785
7403000786
7403000787
7403000791
7403000792
7403000793
7403000794
7403000795
7403000796
7403000797
7403000798
7403000799
7403000800
7403000901
7403000902
7403000903
7403000907
7403000908
7403000909
7410100936
7410100937
7410101018
7410101019
7410101056
7410101057
7410101142
7410101164
7410101165
7410101166
7410101182
7410101183
7410101184
7410101185
7410101186
7410101187
7410101270
7410101271
7410101272
7410101273
7410101306
7410101307
7410101308
7410101309
7410101310
7410101311
7410300337
7410300338
7410300379
7420101426
7420101427
7420101428
7420101429
7430102651
7430102678
7430102681
7430102915
7430103044
7430103045
7430103046
7430103279
7430103280
7430103281
7430103282
7430103287
7430103316
7430103319
7430103471
7430103484
7430103571
7430103673
7430103674
7430103675
7430103681
7430103691
7430103695
7430103696
7430103697
7430103746
7430103751
7430103784
7430103785
7430103786
7430103787
7430103788
7430103789
7430103793
7430103794
7430103795
7430103796
7430103797
7430103798
7430103799
7430103800
7430103802
7430103805
7430103808
7430103809
7430103855
7430103897
7430103902
7430103903
7430103904
7430103906
7430103907
7430103908
7430103909
7430103910
7430104006
7430104007
7430104107
7430104108
7430104113
7430104148
7430104256
7430104257
7430104279
7430104289
7430104290
7430104291
7430104339
7430104340
7430104341
7430104363
7430104443
7430104444
7430104445
7430104446
7430104447
7430104448
7430104450
7430104451
7430104455
7430104456
7430104459
7430104460
7430104461
7430104511
7430104604
7430104606
7430104762
7430104763
7430104767
7430104768
7430104769
7430104770
7430104772
7430104773
7430104778
7430104804
7430104874
7430104875
7430104898
7430104899
7430104901
7430104902
7430104903
7430104904
7430104905
7430104906
7430104907
7430104908
7430104909
7430104910
7430104911
7430104912
7430104913
7430104968
7430104969
7430105027
7430105067
7430105068
7430105069
7430105070
7430105073
7430105082
7430105099
7430105100
7430105106
7430105107
7430105108
7430105109
7430105110
7430105111
7430105112
7430105113
7430105117
7430105118
7430105119
7430105120
7430105121
7430105124
7430105138
7430105139
7430105257
7430105258
7430105259
7430105260
7460200023
7460200024
7470600003
