7400215114
7400215156
7400215157
7400215419
7400302399
7400302400
7400302401
7400302402
7400302403
7400302404
7400302405
7400302406
7400302407
7400302408
7400302409
7400302410
7400302507
7400302508
7400302509
7400302510
7400302511
7400302512
7400302513
7400302514
7400302515
7400302516
7400302517
7400302518
7401224328
7401224329
7401224330
7401224331
7401224333
7401224541
7401224542
7401225242
7401225912
7401225913
7401226512
7401226545
7401226546
7401403501
7402705490
7402705491
7402705492
7402705493
7402705494
7402706046
7402706047
7402706048
7402706135
7402706136
7402706310
7402706313
7402706335
7402706336
7402706364
7402706365
7402706367
7402706368
7402706369
7402706370
7402706372
7402706373
7402706374
7402706375
7402706379
7402706380
7402706381
7402706382
7402706418
7402706419
7402706420
7402706429
7402706430
7402706504
7402706505
7402706506
7402706541
7402706542
7402706543
7402706545
7402706561
7402706566
7402706567
7402706568
7402706579
7402706580
7402706581
7402706582
7402706583
7402706584
7402706585
7402706612
7402706699
7402706700
7402706708
7402706717
7402706718
7402706719
7402706720
7402706795
7402706801
7402706805
7402706825
7402706826
7402706827
7402706838
7402706882
7402706883
7402706884
7402706885
7402706886
7402706887
7402706888
7402706889
7402706894
7402706895
7402706896
7402706897
7402706898
7402706899
7402706900
7402706901
7402706906
7402706907
7402706908
7402706909
7402706910
7402706911
7402706912
7402706913
7402706914
7402706915
7402706916
7402706922
7402706923
7402706943
7402706944
7402706945
7402706946
7402706947
7402706948
7402706967
7402706968
7402706997
7402706998
7402706999
7402707000
7402707013
7402707014
7402707015
7402707016
7402707017
7402707018
7402707019
7402707020
7402707021
7402707022
7402707023
7402707024
7402707025
7402707026
7402707027
7402707028
7402707029
7402707030
7402707031
7402707032
7402707033
7402707034
7402707035
7402707036
7402707079
7402707080
7402707081
7402707085
7402707086
7402707087
7402707088
7402707089
7402707226
7402707227
7402707228
7402707229
7402707230
7402707231
7402707232
7402707233
7402707234
7402707235
7402707236
7402707237
7402707238
7402707240
7402707241
7402707242
7402707243
7402707245
7402707246
7402707247
7402707248
7402707256
7402707257
7402707258
7402707259
7402707260
7402707261
7402707262
7402707278
7402707279
7402707289
7402707290
7402707291
7402707292
7402707293
7402707294
7402707347
7402707348
7402707349
7402707350
7402707351
7402707352
7402707361
7402707363
7402707368
7402707369
7402707370
7402707371
7402707408
7402707411
7402707412
7402707416
7402707437
7402707438
7402707516
7402707517
7402707518
7402707519
7402707520
7402707521
7402707522
7402707523
7402707524
7402707547
7402707571
7402707572
7402707573
7402707574
7402707575
7402707576
7402707577
7402707578
7402707579
7402707580
7402707581
7402707643
7402707644
7402707645
7402707646
7402707678
7402707679
7402707680
7402707681
7402707710
7402707711
7402707771
7402707772
7402707773
7402707774
7402707775
7402707815
7402707816
7402707817
7402707818
7402707819
7402707833
7402707848
7402707849
7402707850
7402707851
7402707856
7402707858
7402707866
7402707867
7402707868
7402707869
7402707870
7402707871
7402707872
7402707873
7402707874
7402707875
7402707876
7402707877
7402707878
7402707879
7402707880
7402707881
7402707899
7402707901
7402707902
7402707903
7402707904
7402707911
7402707912
7402707913
7402707919
7402707920
7402707921
7402707987
7402708017
7402708033
7402708034
7402708035
7402708052
7402708053
7402708057
7402708058
7402708059
7402708060
7402708061
7402708062
7402708063
7402708064
7402708171
7402708172
7402708173
7402708175
7402708176
7402708177
7402708178
7402708179
7402708180
7402708195
7402708217
7402708218
7402708219
7402708230
7402708231
7402708265
7402708274
7402708275
7402708276
7402708295
7402708296
7402708297
7402708331
7402708333
7402708334
7402708335
7402708336
7402708348
7402708349
7402708350
7402708354
7402708355
7402708356
7402708357
7402708358
7402708359
7402708360
7402708361
7402708362
7402708363
7402708364
7402708380
7402708381
7402708383
7402708384
7402708385
7402708386
7402708387
7402708388
7402708389
7402708390
7402708400
7402708407
7402708408
7402708420
7402708421
7402708422
7402708423
7402708424
7402708425
7402708426
7402708427
7402708428
7402708429
7402708430
7402708431
7402708432
7402708433
7402708434
7402708435
7402708436
7402708437
7402708438
7402708439
7402708440
7402708441
7402708442
7402708443
7402708447
7402708448
7402708449
7402708455
7402708456
7402708457
7402708458
7402708459
7402708460
7402708461
7402708462
7402708463
7402708469
7402708470
7402708471
7402708472
7402708473
7402708474
7402708475
7402708476
7402708477
7402708478
7402708490
7402708491
7402708492
7402708561
7402708562
7402708616
7402708617
7402708618
7402708626
7402708627
7402708628
7402708629
7402708630
7402708631
7402708632
7402708695
7402708696
7402708701
7402708710
7402708711
7402708715
7402708716
7402708717
7402708718
7402708720
7402708721
7402708722
7402708767
7402708768
7402708769
7402708770
7402708771
7402708772
7402708773
7402708774
7402708775
7402708776
7402708855
7402708895
7402708896
7402708897
7402708898
7402708899
7402708900
7402708901
7402708926
7402708927
7402708937
7402708939
7402708940
7402708955
7402708980
7402708981
7402708982
7402708983
7402708984
7402708985
7402708986
7402708987
7402708988
7402708989
7402708990
7402708991
7402708992
7402708993
7402708994
7402708995
7402709034
7402709037
7402709038
7402709040
7402709047
7402709048
7402709049
7402709055
7402709056
7402709078
7402709079
7402709080
7402709081
7402709082
7402709083
7402709084
7402709085
7402709086
7402709123
7402709124
7402709125
7402709126
7402709127
7402709128
7402709131
7402709132
7402709133
7402709134
7402709135
7402709150
7402709151
7402709152
7402709153
7402709154
7402709155
7402709214
7402709215
7402709216
7402709217
7402709218
7402709219
7402709241
7402709242
7402709243
7402709244
7402709245
7402709246
7402709247
7402709248
7402709267
7402709268
7402709269
7402709270
7402709271
7402709272
7402709273
7402709274
7402709278
7402709279
7402709280
7402709281
7402709282
7402709283
7402709284
7402709285
7402709326
7402709327
7402709328
7402709329
7402709340
7402709341
7402709342
7402709343
7402709344
7402709374
7402709375
7402709376
7402709418
7402709419
7402709420
7402709421
7402709522
7402709523
7402709524
7402709534
7402709535
7402709536
7402709537
7402709538
7402709539
7402709540
7402709541
7402709545
7402709546
7402709547
7402709565
7402709566
7402709567
7402709568
7402709569
7402709570
7402709571
7402709572
7402709573
7402709574
7402709575
7402709576
7402709577
7402709578
7402709579
7402709580
7402709581
7402709582
7402709589
7402709590
7402709591
7402709592
7402709593
7402709594
7402709595
7402709596
7402709597
7402709598
7402709599
7402709600
7402709601
7402709602
7402709603
7402709604
7402709605
7402709606
7402709607
7402709608
7402709609
7402709610
7402709611
7402709612
7402709613
7402709614
7402709615
7402709616
7402709617
7402709618
7402709619
7402709620
7402709624
7402709625
7402709635
7402709636
7402709659
7402709660
7402709661
7402709695
7402709696
7402709697
7402709698
7402709699
7402709700
7402709701
7402709702
7402709703
7402709704
7402709705
7402709706
7402709707
7402709708
7402709709
7402709710
7402709711
7402709712
7402709723
7402709830
7402709833
7402709834
7402709835
7402709836
7402709852
7402709853
7402709854
7402709855
7402709856
7402709857
7402709858
7402709866
7402709867
7402709868
7402709869
7402709870
7402709871
7402709872
7402709873
7402709874
7402709878
7402709879
7402709880
7402709881
7402709882
7402709883
7402709884
7402709888
7402709889
7402709890
7402709891
7402709892
7402709893
7402709894
7402709895
7402709896
7402709897
7402709898
7402709899
7402709902
7402709903
7402709904
7402709905
7402709906
7402709938
7402709939
7402709947
7402709948
7402709949
7402709950
7402709951
7402709952
7402709953
7402709954
7402709955
7402709956
7402709957
7402709958
7402709959
7402709960
7402709961
7402709962
7402709963
7402709964
7402709965
7402709966
7402709972
7402709973
7402709976
7402709981
7402709982
7402709983
7402709984
7402709985
7402710197
7402710198
7402710203
7402710204
7402710207
7402710208
7402710244
7402710245
7402710246
7402710247
7402710248
7402710249
7402710277
7402710278
7402710280
7402710281
7402710282
7402710283
7402710284
7402710299
7402710300
7402710301
7402710302
7402710303
7402710304
7402710327
7402710328
7402710329
7402710347
7402710348
7402710349
7402710360
7402710361
7402710362
7402710363
7402710364
7402710425
7402710447
7402710448
7402710449
7402710452
7402710460
7402710461
7402710462
7402710463
7402710464
7402710465
7402710466
7402710468
7402710469
7402710470
7402710471
7402710472
7402710473
7402710474
7402710475
7402710486
7402710487
7402710488
7402710489
7402710490
7402710491
7402710492
7402710493
7402710494
7402710495
7402710496
7402710497
7402710539
7402710540
7402710541
7402710542
7402710543
7402710544
7402710545
7402710546
7402710547
7402710548
7402710549
7402710550
7402710551
7402710552
7402710553
7402710554
7402710555
7402710556
7402710561
7402710562
7402710563
7402710564
7402710565
7402710566
7402710567
7402710568
7402710573
7402710574
7402710575
7402710576
7402710577
7402710578
7402710579
7402710580
7402710603
7402710604
7402710607
7402710609
7402710674
7402710696
7402710697
7402710707
7402710708
7402710738
7402710739
7402710740
7402710741
7402710742
7402710743
7402710744
7402710745
7402710746
7402710747
7402710748
7402710749
7402710750
7402710752
7402710753
7402710786
7402710787
7402710788
7402710789
7402710790
7402710791
7402710804
7402710805
7402710806
7402710807
7402710810
7402710811
7402710812
7402710813
7402710815
7402710816
7402710817
7402710818
7402710819
7402710820
7402710821
7402710822
7402710874
7402710875
7402710876
7402710877
7402710878
7402710879
7402710880
7402710881
7402710882
7402710983
7402711004
7402711028
7402711029
7402711030
7402711034
7402711043
7402711058
7402711065
7402711066
7402711067
7402711068
7402711069
7402711070
7402711071
7402711179
7402711180
7402711181
7402711182
7402711203
7402711204
7402711205
7402711206
7402711207
7402711208
7402711219
7402711259
7402711260
7402711292
7402711293
7402711294
7402711295
7402711296
7402711297
7402711298
7402711305
7402711306
7402711308
7402711309
7402711310
7402711311
7402711312
7402711313
7402711314
7402711315
7402711316
7402711317
7402711318
7402711319
7402711320
7402711321
7402711322
7402711338
7402711339
7402711340
7402711341
7402711401
7402711402
7402711403
7402711426
7402711427
7402711428
7402711460
7402711461
7402711462
7402711486
7402711487
7402711488
7402711489
7402711490
7402711491
7402711492
7402711493
7402711494
7402711495
7402711496
7402711497
7402711502
7402711503
7402711504
7402711505
7402711506
7402711507
7402711508
7402711509
7402711514
7402711515
7402711516
7402711521
7402711522
7402711523
7402711534
7402711535
7402711536
7402711541
7402711542
7402711543
7402711551
7402711552
7402711553
7402711554
7402711559
7402711560
7402711561
7402711562
7402711563
7402711564
7402711575
7402711576
7402711577
7402711578
7402711634
7402711672
7402711673
7402711674
7402711675
7402711676
7402711684
7402711685
7402711717
7402711723
7402711724
7402711733
7402711734
7402711735
7402711739
7402711740
7402711741
7402711742
7402711773
7402711774
7402711775
7402711776
7402711777
7402711778
7402711779
7402711780
7402711781
7402711782
7402711783
7402711784
7402711785
7402711786
7402711787
7402711788
7402711789
7402711790
7402711791
7402711792
7402711851
7402711852
7402711853
7402711854
7402711855
7402711856
7402711857
7402711858
7402711859
7402711885
7402711906
7402711907
7402711908
7402712116
7402712117
7402712118
7402712119
7402712120
7402712121
7402712122
7402712123
7402712124
7402712125
7402712126
7402712127
7402712128
7402712129
7402712130
7402712133
7402712134
7402712135
7402712138
7402712139
7402712140
7402712141
7402712142
7402712143
7402712144
7402712145
7402712146
7402712147
7402712148
7402712149
7402712162
7402712191
7402712193
7402712194
7402712195
7402712196
7402712197
7402712198
7402712296
7402712297
7402712300
7402712301
7402712317
7402712318
7402712319
7402712320
7402712321
7402712322
7402712323
7402712324
7402712325
7402712326
7402712327
7402712328
7402712329
7402712330
7402712331
7402712332
7402712334
7402712335
7402712336
7402712396
7402712397
7402712398
7402712399
7402712400
7402712401
7402712402
7402712403
7402712404
7402712405
7402712420
7402712421
7402712422
7402712424
7402712434
7402712459
7402712460
7402712462
7402712463
7402712467
7402712468
7402712469
7402712470
7402712474
7402712520
7402712521
7402712522
7402712523
7402712524
7402712525
7402712526
7402712527
7402712530
7402712531
7402712532
7402712533
7402712534
7402712535
7402712536
7402712537
7402712538
7402712539
7402712540
7402712629
7402712631
7402712632
7402712633
7402712634
7402712635
7402712636
7402712637
7402712638
7402712639
7402712640
7402712641
7402712642
7402712643
7402712654
7402712712
7402712723
7402712724
7402712725
7402712726
7402712728
7402712793
7402712794
7402712795
7402712802
7402712803
7402712804
7402712814
7402712815
7402712816
7402712817
7402712818
7402712819
7402712820
7402712821
7402712822
7402712823
7402712824
7402712839
7402712840
7402712841
7402712887
7402712950
7402712951
7402712952
7402712965
7402712966
7402712967
7402712968
7402712969
7402712970
7402712971
7402712972
7402712973
7402712974
7402712975
7402712976
7402712977
7402712999
7402713000
7402713001
7402713002
7402713006
7402713048
7402713050
7402713053
7402713091
7402713092
7402713093
7402713094
7402713095
7402713186
7402713187
7402713188
7402713189
7402713190
7402713191
7402713240
7402713241
7402713242
7402713243
7402713244
7402713245
7402713246
7402713247
7402713248
7402713249
7402713250
7402713251
7402713252
7402713253
7402713254
7402713255
7402713256
7402713257
7402713258
7402713259
7402713260
7402713261
7402713262
7402713263
7402713264
7402713265
7402713266
7402713267
7402713282
7402713283
7402713288
7402713289
7402713290
7402713312
7402713313
7402713314
7402713315
7402713316
7402713317
7402713318
7402713319
7402713320
7402713321
7402713322
7402713323
7402713324
7402713325
7402713326
7402713327
7402713328
7402713329
7402713330
7402713331
7402713332
7402713333
7402713334
7402713335
7402713336
7402713337
7402713338
7402713339
7402713340
7402713341
7402713342
7402713343
7402713344
7402713345
7402713434
7402713435
7402713436
7402713437
7402713438
7402713439
7402713467
7402713468
7402713469
7402713471
7402713472
7402713473
7402713478
7402713480
7402713481
7402713485
7402713486
7402713487
7402713488
7402713489
7402713490
7402713491
7402713492
7402713493
7402713559
7402713560
7402713569
7402713570
7402713571
7402713572
7402713573
7402713574
7402713604
7402713607
7402713609
7402713610
7402713654
7402713655
7402713656
7402713657
7402713661
7402713662
7402713665
7402713666
7402713667
7402713671
7402713672
7402713675
7402713676
7402713677
7402713678
7402713679
7402713680
7402713681
7402713682
7402713683
7402713684
7402713685
7402713686
7402713697
7402713698
7402713727
7402713742
7402713748
7402713779
7402713780
7402713781
7402713782
7402713784
7402713785
7402713786
7402713787
7402713788
7402713789
7402713796
7402713797
7402713798
7402713799
7402713800
7402713801
7402713807
7402713808
7402713857
7402713871
7402713872
7402713878
7402713879
7402713880
7402713886
7402713903
7402713904
7402713912
7402713913
7402713914
7402713915
7402713916
7402713917
7402713918
7402713919
7402713920
7402713921
7402713922
7402713923
7402713924
7402713925
7402713926
7402713927
7402713928
7402713929
7402713930
7402713931
7402713932
7402713933
7402713934
7402713935
7402713936
7402713937
7402713938
7402713939
7402713940
7402713941
7402713942
7402713943
7402713944
7402713945
7402713946
7402713947
7402713948
7402713949
7402713975
7402713976
7402713977
7402713986
7402713987
7402713988
7402713989
7402713990
7402713991
7402713992
7402713993
7402713994
7402713995
7402713996
7402713997
7402713998
7402713999
7402714000
7402714001
7402714029
7402714030
7402714031
7402714032
7402714033
7402714034
7402714035
7402714057
7402714058
7402714079
7402714080
7402714081
7402714082
7402714083
7402714084
7402714085
7402714086
7402714087
7402714088
7402714089
7402714090
7402714091
7402714092
7402714093
7402714094
7402714111
7402714112
7402714113
7402714130
7402714131
7402714174
7402714175
7402714257
7402714258
7402714259
7402714260
7402714261
7402714262
7402714263
7402714264
7402714265
7402714266
7402714267
7402714268
7402714269
7402714270
7402714271
7402714272
7402714273
7402714274
7402714275
7402714276
7402714277
7402714278
7402714279
7402714280
7402714281
7402714282
7402714283
7402714284
7402714285
7402714286
7402714287
7402714288
7402714289
7402714290
7402714291
7402714292
7402714293
7402714294
7402714295
7402714296
7402714297
7402714298
7402714299
7402714300
7402714301
7402714302
7402714303
7402714304
7402714323
7402714324
7402714325
7402714326
7402714327
7402714328
7402714329
7402714330
7402714331
7402714332
7402714333
7402714334
7402714335
7402714336
7402714337
7402714338
7402714339
7402714340
7402714381
7402714382
7402714383
7402714394
7402714395
7402714396
7402714401
7402714402
7402714403
7402714407
7402714470
7402714471
7402714472
7402714473
7402714599
7402714600
7402714601
7402714602
7402714603
7402714604
7402714605
7402714606
7402714607
7402714608
7402714609
7402714610
7402714615
7402714678
7402714694
7402714700
7402714703
7402714704
7402714705
7402714706
7402714707
7402714708
7402714710
7402714711
7402714736
7402714737
7402714763
7402714764
7402714765
7402714777
7402714778
7402714779
7402714794
7402714795
7402714796
7402714797
7402714798
7402714799
7402714800
7402714801
7402714802
7402714803
7402714804
7402714805
7402714806
7402714807
7402714808
7402714809
7402714814
7402714815
7402714816
7402714817
7402714818
7402714819
7402714820
7402714821
7402714822
7402714823
7402714824
7402714825
7402714913
7402714914
7402714917
7402714918
7402714919
7402714920
7402715022
7402715023
7402715024
7402715028
7402715029
7402715030
7402715031
7402715032
7402715033
7402715034
7402715035
7402715036
7402715066
7402715067
7402715068
7402715122
7402715123
7402715124
7402715125
7402715169
7402715170
7402715171
7402715172
7402715173
7402715231
7402715232
7402715233
7402715234
7402715235
7402715236
7402715237
7402715238
7402715239
7402715240
7402715241
7402715242
7402715243
7402715244
7402715245
7402715246
7402715247
7402715248
7402715249
7402715250
7402715251
7402715252
7402715262
7402715263
7402715264
7402715339
7402715340
7402715341
7402715413
7402715414
7402715415
7402715419
7402715420
7402715421
7402715449
7402715450
7402715451
7402715459
7402715530
7402715531
7402715532
7402715533
7402715534
7402715535
7402715561
7402715621
7402715622
7402715623
7402715624
7402715625
7402715626
7402715664
7402715709
7402715710
7402715711
7402715712
7402715713
7402715717
7402715719
7402715720
7402715721
7402715722
7402715727
7402715728
7402715729
7402715730
7402715818
7402715931
7402715932
7402715933
7402715985
7402715986
7402715987
7402715991
7402715992
7402715993
7402716045
7402716117
7402716118
7402716119
7402716120
7402716121
7402716122
7402716123
7402716124
7402716125
7402716126
7402716127
7402716128
7402716129
7402716130
7402716131
7402716132
7403000041
7403000042
7403000043
7403000044
7403000069
7403000070
7403000071
7403000101
7403000102
7403000147
7403000148
7403000155
7403000156
7403000255
7403000256
7403000257
7403000258
7403000259
7403000260
7403000261
7403000262
7403000263
7403000264
7403000265
7403000266
7403000267
7403000268
7403000269
7403000296
7403000297
7403000298
7403000299
7403000300
7403000301
7403000302
7403000303
7403000304
7403000305
7403000306
7403000307
7403000308
7403000309
7403000310
7403000311
7403000356
7403000357
7403000358
7403000359
7403000360
7403000361
7403000476
7403000477
7403000486
7403000487
7403000488
7403000489
7403000490
7403000491
7403000492
7403000493
7403000527
7403000528
7403000529
7403000530
7403000535
7403000536
7403000537
7403000538
7403000688
7403000689
7403000690
7403000691
7403000692
7403000693
7403000694
7403000695
7403000696
7403000697
7403000698
7403000699
7403000700
7403000701
7403000702
7403000779
7403000780
7403000781
7403000782
7403000783
7403000784
7403000791
7403000792
7403000793
7403000794
7403000795
7403000796
7403000797
7403000798
7403000799
7403000800
7403000901
7403000902
7403000903
7403000907
7403000908
7403000909
7410100732
7410100733
7410100796
7410100797
7410100916
7410100917
7410100959
7410100960
7410100961
7410101056
7410101057
7410101142
7410101164
7410101165
7410101166
7410101182
7410101183
7410101184
7410101185
7410101186
7410101187
7410101270
7410101271
7410101272
7410101273
7410101306
7410101307
7410101308
7410101309
7410101310
7410101311
7410300142
7410300316
7410300337
7410300338
7410400041
7410400042
7420101114
7420101115
7420101116
7420101117
7420101118
7420101119
7420101120
7430100439
7430100440
7430100589
7430100590
7430100595
7430100597
7430100598
7430100604
7430100609
7430100610
7430100611
7430100612
7430100613
7430100614
7430100617
7430100618
7430100619
7430100620
7430100621
7430100622
7430100623
7430100624
7430100626
7430100633
7430100651
7430100652
7430100653
7430100654
7430100656
7430100710
7430100713
7430100714
7430100716
7430100722
7430100723
7430100724
7430100725
7430100726
7430100738
7430100739
7430100740
7430100741
7430100829
7430100832
7430100834
7430100835
7430100836
7430100837
7430100838
7430100839
7430100840
7430100841
7430100842
7430100844
7430100845
7430100846
7430100847
7430100848
7430100850
7430100851
7430100852
7430100855
7430100856
7430100857
7430100859
7430100860
7430100862
7430100863
7430100864
7430100865
7430100866
7430100867
7430100868
7430100869
7430100870
7430100871
7430100872
7430100874
7430100876
7430100877
7430100878
7430100879
7430100880
7430100881
7430100883
7430100884
7430100885
7430100887
7430100888
7430100889
7430100890
7430100893
7430100894
7430100896
7430100899
7430100900
7430100901
7430100902
7430100904
7430100907
7430100908
7430100909
7430100918
7430100919
7430100920
7430100922
7430100923
7430100927
7430100928
7430100931
7430100932
7430100933
7430100936
7430100937
7430100941
7430100942
7430100943
7430100949
7430100953
7430100954
7430100956
7430100958
7430100959
7430100960
7430100962
7430100963
7430100964
7430100965
7430100966
7430100968
7430100971
7430100972
7430100973
7430100975
7430100976
7430100977
7430100979
7430100984
7430100985
7430100992
7430101018
7430101040
7430101064
7430101089
7430101090
7430101177
7430101247
7430101248
7430101249
7430101250
7430101251
7430101252
7430101253
7430101284
7430101285
7430101286
7430101287
7430101288
7430101289
7430101343
7430101346
7430101395
7430101396
7430101399
7430101400
7430101401
7430101462
7430101556
7430101559
7430101596
7430101598
7430101599
7430101600
7430101601
7430101605
7430101632
7430101702
7430101704
7430101734
7430101736
7430101966
7430102287
7430102571
7430102651
7430102656
7430102678
7430102681
7430102874
7430102875
7430102876
7430102877
7430102878
7430102883
7430103044
7430103138
7430103145
7430103146
7430103279
7430103280
7430103281
7430103282
7430103316
7430103319
7430103334
7430103351
7430103358
7430103359
7430103360
7430103361
7430103362
7430103363
7430103364
7430103365
7430103366
7430103367
7430103395
7430103396
7430103419
7430103422
7430103464
7430103471
7430103484
7430103488
7430103489
7430103499
7430103681
7430103746
7430103793
7430103794
7430103795
7430103796
7430103797
7430103802
7430103805
7430103808
7430103809
7430103902
7430103903
7430103904
7430103906
7430103907
7430103908
7430103909
7430103910
7430104006
7430104007
7430104113
7430104148
7430104289
7430104290
7430104291
7430104339
7430104340
7430104341
7430104363
7430104443
7430104444
7430104445
7430104446
7430104447
7430104448
7430104450
7430104451
7430104455
7430104456
7430104459
7430104460
7430104461
7430104511
7430104604
7430104606
7430104762
7430104763
7430104768
7430104769
7430104778
7430104804
7430104874
7430104875
7430104898
7430104899
7430104908
7430104913
7430105027
7430105067
7430105068
7430105069
7430105070
7430105073
7430105082
7430105099
7430105100
7430105106
7430105107
7430105108
7430105109
7430105110
7430105111
7430105112
7430105113
7430105117
7430105118
7430105119
7430105120
7430105121
7430105124
7430105138
7430105139
7430105257
7430105258
7430105259
7430105260
7440100644
7440100647
7440100650
7440600026
7440700027
7440700028
7440700029
7440700030
7440700031
7440700032
7440700033
7440700034
7440700048
7440700049
7440700050
7440700051
7440700052
7440700053
7440700055
7440700057
7440700058
7450700001
7450700021
7460200023
7460200024
7470600003
7402710608
