7400215419
7400302507
7400302508
7400302509
7400302510
7400302511
7400302512
7400302513
7400302514
7400302515
7400302516
7400302517
7400302518
7401225912
7401225913
7401226512
7401226545
7401226546
7402706584
7402706585
7402707523
7402707524
7402707547
7402707771
7402707772
7402707773
7402707774
7402707775
7402707987
7402708171
7402708175
7402708176
7402708178
7402708179
7402708217
7402708218
7402708230
7402708231
7402708469
7402708470
7402708471
7402708472
7402708473
7402708474
7402708475
7402708476
7402708477
7402708478
7402708616
7402708617
7402708618
7402709131
7402709132
7402709589
7402709590
7402709591
7402709592
7402709593
7402709594
7402709595
7402709596
7402709597
7402709598
7402709599
7402709600
7402709601
7402709602
7402709603
7402709604
7402709605
7402709606
7402709607
7402709608
7402709609
7402709610
7402709611
7402709612
7402709613
7402709614
7402709615
7402709616
7402709617
7402709618
7402709619
7402709620
7402709830
7402709982
7402709983
7402710486
7402710488
7402710489
7402710539
7402711717
7402711723
7402711724
7402711739
7402711740
7402711741
7402711742
7402713489
7402713493
7402713912
7402713913
7402713914
7402713915
7402713916
7402713917
7402713918
7402713919
7402713920
7402713921
7402713922
7402713923
7402713924
7402713925
7402713926
7402713927
7402713928
7402713929
7402713930
7402713931
7402713932
7402713933
7402713934
7402713935
7402713936
7402713937
7402713938
7402713939
7402713940
7402713941
7402713942
7402713943
7402713944
7402713945
7402713946
7402713947
7402713948
7402713949
7402714174
7402714175
7402714323
7402714324
7402714325
7402714326
7402714327
7402714328
7402714329
7402714330
7402714331
7402714332
7402714333
7402714334
7402714335
7402714336
7402714337
7402714338
7402714339
7402714340
7402714700
7402714706
7402714707
7402714708
7402714917
7402714918
7402714919
7402714920
7402715449
7402715450
7402715451
7402715459
7402715530
7402715531
7402715532
7402715533
7402715534
7402715535
7402715561
7402715621
7402715622
7402715623
7402715624
7402715625
7402715626
7402715664
7402715709
7402715710
7402715711
7402715712
7402715713
7402715717
7402715719
7402715720
7402715721
7402715722
7402715727
7402715728
7402715729
7402715730
7402715818
7402715931
7402715932
7402715933
7402715982
7402715983
7402715984
7402715985
7402715986
7402715987
7402715988
7402715989
7402715990
7402715991
7402715992
7402715993
7402716045
7402716117
7402716118
7402716119
7402716120
7402716121
7402716122
7402716123
7402716124
7402716125
7402716126
7402716127
7402716128
7402716129
7402716130
7402716131
7402716132
7403000296
7403000297
7403000298
7403000299
7403000300
7403000301
7403000302
7403000303
7403000304
7403000305
7403000306
7403000307
7403000308
7403000309
7403000310
7403000311
7403000356
7403000357
7403000358
7403000359
7403000360
7403000361
7403000376
7403000377
7403000378
7403000379
7403000380
7403000381
7403000382
7403000383
7403000384
7403000455
7403000456
7403000457
7403000476
7403000477
7403000486
7403000487
7403000488
7403000489
7403000490
7403000491
7403000492
7403000493
7403000511
7403000512
7403000513
7403000514
7403000519
7403000520
7403000521
7403000522
7403000527
7403000528
7403000529
7403000530
7403000535
7403000536
7403000537
7403000538
7403000688
7403000689
7403000690
7403000691
7403000692
7403000693
7403000694
7403000695
7403000696
7403000697
7403000698
7403000699
7403000700
7403000701
7403000702
7403000716
7403000717
7403000718
7403000719
7403000720
7403000721
7403000722
7403000779
7403000780
7403000781
7403000782
7403000783
7403000784
7403000785
7403000786
7403000787
7403000791
7403000792
7403000793
7403000794
7403000795
7403000796
7403000797
7403000798
7403000799
7403000800
7403000901
7403000902
7403000903
7403000907
7403000908
7403000909
7410100732
7410100733
7410100752
7410100753
7410100796
7410100797
7410100896
7410100897
7410100916
7410100917
7410100918
7410100919
7410100920
7410100921
7410100922
7410100923
7410100956
7410100959
7410100960
7410100961
7410101056
7410101057
7410101142
7410101164
7410101165
7410101166
7410101182
7410101183
7410101184
7410101185
7410101186
7410101187
7410101270
7410101271
7410101272
7410101273
7410101306
7410101307
7410101308
7410101309
7410101310
7410101311
7410300142
7410300379
7420101426
7420101427
7420101428
7420101429
7430100604
7430100710
7430100716
7430100884
7430100885
7430100887
7430100888
7430100889
7430100890
7430100893
7430101064
7430101343
7430101346
7430101596
7430101605
7430101734
7430101736
7430102571
7430102874
7430102875
7430102876
7430103044
7430103279
7430103280
7430103281
7430103282
7430103351
7430103422
7430103484
7430103746
7430103784
7430103785
7430103786
7430103787
7430103788
7430103789
7430103793
7430103797
7430103798
7430103800
7430103808
7430104113
7430104148
7430104279
7430104289
7430104290
7430104341
7430104363
7430104443
7430104444
7430104445
7430104446
7430104447
7430104448
7430104450
7430104451
7430104455
7430104456
7430104459
7430104460
7430104461
7430104511
7430104606
7430104762
7430104763
7430104767
7430104768
7430104769
7430104770
7430104772
7430104773
7430104778
7430104804
7430104874
7430104875
7430104898
7430104899
7430104901
7430104902
7430104903
7430104904
7430104905
7430104906
7430104907
7430104908
7430104909
7430104910
7430104911
7430104912
7430104913
7430104968
7430104969
7430105027
7430105067
7430105068
7430105069
7430105070
7430105073
7430105082
7430105099
7430105100
7430105106
7430105107
7430105108
7430105109
7430105110
7430105111
7430105112
7430105113
7430105117
7430105118
7430105119
7430105120
7430105121
7430105124
7430105138
7430105139
7430105257
7430105258
7430105259
7430105260
7460200023
7460200024
7470600003
