7400215114
7400215156
7400215157
7401224328
7401224329
7401224330
7401224331
7401224333
7401224541
7401224542
7401225242
7401226545
7401226546
7402706313
7402706335
7402706336
7402706372
7402706373
7402706374
7402706375
7402706566
7402706567
7402706583
7402706708
7402706882
7402706883
7402706884
7402706885
7402706886
7402706887
7402706888
7402706889
7402706967
7402706968
7402706998
7402706999
7402707000
7402707021
7402707022
7402707023
7402707024
7402707029
7402707030
7402707031
7402707032
7402707034
7402707035
7402707036
7402707089
7402707226
7402707227
7402707261
7402707262
7402707347
7402707348
7402707349
7402707368
7402707369
7402707370
7402707371
7402707408
7402707438
7402707516
7402707517
7402707518
7402707519
7402707520
7402707521
7402707522
7402707547
7402707571
7402707572
7402707573
7402707574
7402707575
7402707576
7402707577
7402707578
7402707579
7402707643
7402707644
7402707645
7402707646
7402707815
7402707816
7402707817
7402707818
7402707819
7402707833
7402707851
7402707856
7402707858
7402707866
7402707867
7402707868
7402707869
7402707870
7402707871
7402707872
7402707873
7402707874
7402707875
7402707876
7402707877
7402707878
7402707879
7402707880
7402707881
7402707901
7402707902
7402707903
7402707904
7402707911
7402707912
7402707913
7402707919
7402707920
7402707921
7402707987
7402708017
7402708033
7402708034
7402708035
7402708052
7402708053
7402708057
7402708058
7402708059
7402708060
7402708061
7402708062
7402708063
7402708064
7402708172
7402708173
7402708175
7402708176
7402708177
7402708178
7402708180
7402708219
7402708265
7402708274
7402708275
7402708276
7402708295
7402708296
7402708297
7402708331
7402708333
7402708334
7402708335
7402708336
7402708348
7402708349
7402708350
7402708354
7402708355
7402708357
7402708358
7402708359
7402708360
7402708361
7402708362
7402708363
7402708364
7402708383
7402708384
7402708385
7402708386
7402708387
7402708388
7402708389
7402708390
7402708407
7402708408
7402708420
7402708421
7402708422
7402708423
7402708424
7402708425
7402708426
7402708427
7402708428
7402708429
7402708430
7402708431
7402708432
7402708433
7402708434
7402708435
7402708436
7402708437
7402708438
7402708439
7402708440
7402708441
7402708442
7402708443
7402708447
7402708448
7402708449
7402708455
7402708456
7402708457
7402708458
7402708459
7402708460
7402708461
7402708462
7402708463
7402708490
7402708491
7402708492
7402708561
7402708562
7402708628
7402708629
7402708630
7402708631
7402708632
7402708695
7402708696
7402708701
7402708710
7402708711
7402708715
7402708716
7402708717
7402708718
7402708720
7402708721
7402708722
7402708767
7402708768
7402708769
7402708770
7402708771
7402708772
7402708773
7402708774
7402708775
7402708776
7402708855
7402708895
7402708896
7402708897
7402708898
7402708899
7402708900
7402708901
7402708926
7402708927
7402708937
7402708939
7402708940
7402708955
7402708980
7402708981
7402708982
7402708983
7402708984
7402708985
7402708986
7402708987
7402708988
7402708989
7402708990
7402708991
7402708992
7402708993
7402708994
7402708995
7402709034
7402709037
7402709038
7402709040
7402709047
7402709048
7402709049
7402709055
7402709056
7402709078
7402709079
7402709080
7402709081
7402709082
7402709083
7402709084
7402709085
7402709086
7402709124
7402709125
7402709126
7402709127
7402709128
7402709133
7402709134
7402709135
7402709150
7402709151
7402709152
7402709153
7402709154
7402709155
7402709214
7402709216
7402709217
7402709218
7402709219
7402709241
7402709242
7402709243
7402709244
7402709245
7402709246
7402709247
7402709248
7402709267
7402709268
7402709269
7402709270
7402709271
7402709272
7402709273
7402709274
7402709278
7402709279
7402709280
7402709281
7402709282
7402709283
7402709284
7402709285
7402709326
7402709327
7402709328
7402709329
7402709340
7402709341
7402709342
7402709343
7402709344
7402709374
7402709375
7402709376
7402709418
7402709419
7402709420
7402709421
7402709522
7402709523
7402709524
7402709534
7402709535
7402709536
7402709537
7402709538
7402709539
7402709540
7402709541
7402709545
7402709546
7402709547
7402709589
7402709590
7402709591
7402709592
7402709593
7402709594
7402709595
7402709596
7402709597
7402709598
7402709599
7402709600
7402709601
7402709602
7402709603
7402709604
7402709605
7402709606
7402709607
7402709608
7402709609
7402709610
7402709611
7402709612
7402709613
7402709614
7402709615
7402709616
7402709617
7402709618
7402709619
7402709620
7402709624
7402709625
7402709635
7402709636
7402709659
7402709660
7402709661
7402709695
7402709696
7402709697
7402709698
7402709699
7402709700
7402709701
7402709702
7402709703
7402709704
7402709705
7402709706
7402709707
7402709708
7402709709
7402709710
7402709711
7402709712
7402709723
7402709833
7402709834
7402709835
7402709836
7402709852
7402709853
7402709854
7402709855
7402709856
7402709857
7402709858
7402709866
7402709867
7402709868
7402709869
7402709870
7402709871
7402709872
7402709873
7402709874
7402709878
7402709879
7402709880
7402709881
7402709882
7402709883
7402709884
7402709888
7402709889
7402709890
7402709891
7402709892
7402709893
7402709894
7402709895
7402709896
7402709897
7402709898
7402709899
7402709902
7402709903
7402709904
7402709905
7402709906
7402709947
7402709948
7402709949
7402709950
7402709951
7402709952
7402709953
7402709954
7402709955
7402709956
7402709957
7402709958
7402709959
7402709960
7402709961
7402709962
7402709963
7402709964
7402709965
7402709966
7402709972
7402709973
7402709976
7402709984
7402709985
7402710197
7402710198
7402710203
7402710204
7402710244
7402710245
7402710246
7402710247
7402710248
7402710249
7402710277
7402710278
7402710280
7402710281
7402710282
7402710283
7402710284
7402710299
7402710300
7402710301
7402710302
7402710303
7402710304
7402710363
7402710364
7402710447
7402710468
7402710469
7402710470
7402710471
7402710472
7402710473
7402710474
7402710475
7402710486
7402710487
7402710539
7402711717
7402711723
7402711724
7402711739
7402711740
7402711741
7402711742
7402713489
7402713493
7402713912
7402713913
7402713914
7402713915
7402713916
7402713917
7402713918
7402713919
7402713920
7402713921
7402713922
7402713923
7402713924
7402713925
7402713926
7402713927
7402713928
7402713929
7402713930
7402713931
7402713932
7402713933
7402713934
7402713935
7402713936
7402713937
7402713938
7402713939
7402713940
7402713941
7402713942
7402713943
7402713944
7402713945
7402713946
7402713947
7402713948
7402713949
7402715664
7402715818
7402715931
7402715932
7402715933
7402715985
7402715986
7402715987
7402715991
7402715992
7402715993
7402716045
7402716117
7402716118
7402716119
7402716120
7402716121
7402716122
7402716123
7402716124
7402716125
7402716126
7402716127
7402716128
7402716129
7402716130
7402716131
7402716132
7403000476
7403000477
7403000486
7403000487
7403000488
7403000489
7403000490
7403000491
7403000492
7403000493
7403000688
7403000689
7403000690
7403000691
7403000692
7403000693
7403000694
7403000695
7403000696
7403000697
7403000698
7403000699
7403000700
7403000701
7403000702
7403000779
7403000780
7403000781
7403000782
7403000783
7403000784
7403000791
7403000792
7403000793
7403000794
7403000795
7403000796
7403000797
7403000798
7403000799
7403000800
7403000901
7403000902
7403000903
7403000907
7403000908
7403000909
7410101270
7410101271
7410101272
7410101273
7410101306
7410101307
7410101308
7410101309
7410101310
7410101311
7430100589
7430100590
7430100612
7430101089
7430101247
7430101248
7430101249
7430101250
7430101251
7430101252
7430101253
7430101284
7430101285
7430101286
7430101287
7430101288
7430101289
7430101395
7430101396
7430101397
7430101399
7430101400
7430101401
7430101462
7430101556
7430101559
7430101598
7430101599
7430101600
7430101601
7430101702
7430101704
7430102571
7430103746
7430104874
7430104875
7430105027
7430105067
7430105068
7430105069
7430105070
7430105073
7430105082
7430105099
7430105100
7430105106
7430105107
7430105108
7430105109
7430105110
7430105111
7430105112
7430105113
7430105117
7430105118
7430105119
7430105120
7430105121
7430105124
7430105138
7430105139
7430105257
7430105258
7430105259
7430105260
7440100644
7440100647
7440100650
7450700001
7450700021
7460200023
7460200024
7470600003
