7400302507
7400302508
7400302509
7400302510
7400302511
7400302512
7400302516
7400302517
7400302518
7401225912
7401225913
7401226512
7401226545
7401226546
7402707547
7402707987
7402708175
7402708176
7402708178
7402709589
7402709590
7402709591
7402709592
7402709593
7402709594
7402709595
7402709596
7402709597
7402709598
7402709599
7402709600
7402709601
7402709602
7402709603
7402709604
7402709605
7402709606
7402709607
7402709608
7402709609
7402709610
7402709611
7402709612
7402709613
7402709614
7402709615
7402709616
7402709617
7402709618
7402709619
7402709620
7402710486
7402710539
7402711717
7402711723
7402711724
7402711739
7402711740
7402711741
7402711742
7402713489
7402713493
7402713912
7402713913
7402713914
7402713915
7402713916
7402713917
7402713918
7402713919
7402713920
7402713921
7402713922
7402713923
7402713924
7402713925
7402713926
7402713927
7402713928
7402713929
7402713930
7402713931
7402713932
7402713933
7402713934
7402713935
7402713936
7402713937
7402713938
7402713939
7402713940
7402713941
7402713942
7402713943
7402713944
7402713945
7402713946
7402713947
7402713948
7402713949
7402714323
7402714324
7402714325
7402714326
7402714327
7402714328
7402714329
7402714330
7402714331
7402714332
7402714333
7402714334
7402714335
7402714336
7402714337
7402714338
7402714339
7402714340
7402715664
7402715818
7402715931
7402715932
7402715933
7402715985
7402715986
7402715987
7402715991
7402715992
7402715993
7402716045
7402716117
7402716118
7402716119
7402716120
7402716121
7402716122
7402716123
7402716124
7402716125
7402716126
7402716127
7402716128
7402716129
7402716130
7402716131
7402716132
7403000476
7403000477
7403000486
7403000487
7403000488
7403000489
7403000490
7403000491
7403000492
7403000493
7403000688
7403000689
7403000690
7403000691
7403000692
7403000693
7403000694
7403000695
7403000696
7403000697
7403000698
7403000699
7403000700
7403000701
7403000702
7403000779
7403000780
7403000781
7403000782
7403000783
7403000784
7403000791
7403000792
7403000793
7403000794
7403000795
7403000796
7403000797
7403000798
7403000799
7403000800
7403000901
7403000902
7403000903
7403000907
7403000908
7403000909
7410100732
7410100733
7410100796
7410100797
7410100896
7410100897
7410100916
7410100917
7410101056
7410101057
7410101142
7410101166
7410101270
7410101271
7410101272
7410101273
7410101306
7410101307
7410101308
7410101309
7410101310
7410101311
7420101429
7430102571
7430103281
7430103282
7430103746
7430103785
7430103787
7430103788
7430103789
7430104874
7430104875
7430105027
7430105067
7430105068
7430105069
7430105070
7430105073
7430105082
7430105099
7430105100
7430105106
7430105107
7430105108
7430105109
7430105110
7430105111
7430105112
7430105113
7430105117
7430105118
7430105119
7430105120
7430105121
7430105124
7430105138
7430105139
7430105257
7430105258
7430105259
7430105260
7460200023
7460200024
7470600003
